{
 "cells": [
  {
   "cell_type": "markdown",
   "metadata": {},
   "source": [
    "# Open file"
   ]
  },
  {
   "cell_type": "code",
   "execution_count": 15,
   "metadata": {
    "ExecuteTime": {
     "end_time": "2020-01-30T01:45:16.560276Z",
     "start_time": "2020-01-30T01:45:16.555321Z"
    }
   },
   "outputs": [
    {
     "name": "stdout",
     "output_type": "stream",
     "text": [
      "['姓名 语文 数学 英语 物理 化学 生物 政治 历史 地理', '小赵 73 85 80 82 93 41 64 87 55', '小钱 33 91 81 92 72 50 50 65 83', '小孙 95 64 87 79 34 70 45 72 87', '小李 87 34 81 58 73 41 46 74 97', '小周 54 58 66 65 42 43 70 33 89', '小吴 55 83 80 94 90 86 44 33 64', '小郑 84 93 59 94 86 71 69 81 71', '小王 75 83 31 53 72 34 33 64 80', '小冯 36 74 83 69 57 78 73 59 58', '小陈 98 90 64 71 90 65 40 33 89', '小楮 90 47 70 34 88 73 69 74 60', '小卫 70 67 33 96 94 69 62 72 72', '小蒋 82 43 63 70 60 67 54 69 92', '小沈 94 95 72 86 78 78 43 95 96', '小韩 83 70 36 74 50 56 38 93 78', '小杨 86 93 87 46 75 44 45 60 81', '小朱 97 91 88 86 86 54 61 56 82', '小秦 47 51 64 78 89 91 37 94 61', '小尤 74 67 63 53 34 89 56 66 76', '小许 50 72 99 31 38 92 62 92 65', '小何 86 40 86 57 76 92 79 95 52', '小吕 51 33 81 48 95 80 51 81 99', '小施 88 74 38 48 78 87 96 88 90', '小张 43 87 44 88 95 78 91 42 94', '小孔 37 86 88 83 80 90 31 78 37', '小曹 63 53 55 94 45 55 73 91 78', '小严 36 71 77 60 91 79 90 37 61', '小华 53 85 85 72 62 87 94 73 34', '小金 78 84 77 42 79 82 50 74 94', '小魏 75 57 38 85 58 60 97 99 69']\n"
     ]
    }
   ],
   "source": [
    "with open(\"report.txt\", 'r', encoding='UTF-8', errors='ignore') as f:\n",
    "    f.seek(0)\n",
    "    info1 = [line.strip() for line in f.readlines()]\n",
    "print(repr(info1))"
   ]
  },
  {
   "cell_type": "markdown",
   "metadata": {},
   "source": [
    "# Split info1\n",
    "info1 is a big list and each component is a long string separated by a space, use \".split()\" to get info2."
   ]
  },
  {
   "cell_type": "code",
   "execution_count": 2,
   "metadata": {
    "ExecuteTime": {
     "end_time": "2020-01-30T01:34:14.780814Z",
     "start_time": "2020-01-30T01:34:14.771382Z"
    },
    "scrolled": true
   },
   "outputs": [
    {
     "name": "stdout",
     "output_type": "stream",
     "text": [
      "info2:  [['姓名', '语文', '数学', '英语', '物理', '化学', '生物', '政治', '历史', '地理'], ['小赵', '73', '85', '80', '82', '93', '41', '64', '87', '55'], ['小钱', '33', '91', '81', '92', '72', '50', '50', '65', '83'], ['小孙', '95', '64', '87', '79', '34', '70', '45', '72', '87'], ['小李', '87', '34', '81', '58', '73', '41', '46', '74', '97'], ['小周', '54', '58', '66', '65', '42', '43', '70', '33', '89'], ['小吴', '55', '83', '80', '94', '90', '86', '44', '33', '64'], ['小郑', '84', '93', '59', '94', '86', '71', '69', '81', '71'], ['小王', '75', '83', '31', '53', '72', '34', '33', '64', '80'], ['小冯', '36', '74', '83', '69', '57', '78', '73', '59', '58'], ['小陈', '98', '90', '64', '71', '90', '65', '40', '33', '89'], ['小楮', '90', '47', '70', '34', '88', '73', '69', '74', '60'], ['小卫', '70', '67', '33', '96', '94', '69', '62', '72', '72'], ['小蒋', '82', '43', '63', '70', '60', '67', '54', '69', '92'], ['小沈', '94', '95', '72', '86', '78', '78', '43', '95', '96'], ['小韩', '83', '70', '36', '74', '50', '56', '38', '93', '78'], ['小杨', '86', '93', '87', '46', '75', '44', '45', '60', '81'], ['小朱', '97', '91', '88', '86', '86', '54', '61', '56', '82'], ['小秦', '47', '51', '64', '78', '89', '91', '37', '94', '61'], ['小尤', '74', '67', '63', '53', '34', '89', '56', '66', '76'], ['小许', '50', '72', '99', '31', '38', '92', '62', '92', '65'], ['小何', '86', '40', '86', '57', '76', '92', '79', '95', '52'], ['小吕', '51', '33', '81', '48', '95', '80', '51', '81', '99'], ['小施', '88', '74', '38', '48', '78', '87', '96', '88', '90'], ['小张', '43', '87', '44', '88', '95', '78', '91', '42', '94'], ['小孔', '37', '86', '88', '83', '80', '90', '31', '78', '37'], ['小曹', '63', '53', '55', '94', '45', '55', '73', '91', '78'], ['小严', '36', '71', '77', '60', '91', '79', '90', '37', '61'], ['小华', '53', '85', '85', '72', '62', '87', '94', '73', '34'], ['小金', '78', '84', '77', '42', '79', '82', '50', '74', '94'], ['小魏', '75', '57', '38', '85', '58', '60', '97', '99', '69']]\n"
     ]
    }
   ],
   "source": [
    "info2 = []\n",
    "for i in info1:\n",
    "    i2 = i.split(' ')\n",
    "    info2.append(i2)\n",
    "print(\"info2: \", info2)"
   ]
  },
  {
   "cell_type": "markdown",
   "metadata": {},
   "source": [
    "# Type conversion\n",
    "All the components in info2 are str, since we are going to calculate the summation and the average, we need to turn those numbers(which are now str) into float.\n",
    "\n",
    " \n",
    "Pay attention: directly use \"map(folat, info2[i])\" will incur errors. See details in https://blog.csdn.net/weixin_37272286/article/details/81273520"
   ]
  },
  {
   "cell_type": "code",
   "execution_count": 3,
   "metadata": {
    "ExecuteTime": {
     "end_time": "2020-01-30T01:34:16.129727Z",
     "start_time": "2020-01-30T01:34:16.125788Z"
    }
   },
   "outputs": [],
   "source": [
    "def change(x):\n",
    "    try:\n",
    "        return float(x)\n",
    "    except:\n",
    "        return ''.join((x[0],x[1]))"
   ]
  },
  {
   "cell_type": "code",
   "execution_count": 4,
   "metadata": {
    "ExecuteTime": {
     "end_time": "2020-01-30T01:34:17.419223Z",
     "start_time": "2020-01-30T01:34:17.414262Z"
    },
    "scrolled": true
   },
   "outputs": [
    {
     "name": "stdout",
     "output_type": "stream",
     "text": [
      "info4:  [['小赵', 73.0, 85.0, 80.0, 82.0, 93.0, 41.0, 64.0, 87.0, 55.0], ['小钱', 33.0, 91.0, 81.0, 92.0, 72.0, 50.0, 50.0, 65.0, 83.0], ['小孙', 95.0, 64.0, 87.0, 79.0, 34.0, 70.0, 45.0, 72.0, 87.0], ['小李', 87.0, 34.0, 81.0, 58.0, 73.0, 41.0, 46.0, 74.0, 97.0], ['小周', 54.0, 58.0, 66.0, 65.0, 42.0, 43.0, 70.0, 33.0, 89.0], ['小吴', 55.0, 83.0, 80.0, 94.0, 90.0, 86.0, 44.0, 33.0, 64.0], ['小郑', 84.0, 93.0, 59.0, 94.0, 86.0, 71.0, 69.0, 81.0, 71.0], ['小王', 75.0, 83.0, 31.0, 53.0, 72.0, 34.0, 33.0, 64.0, 80.0], ['小冯', 36.0, 74.0, 83.0, 69.0, 57.0, 78.0, 73.0, 59.0, 58.0], ['小陈', 98.0, 90.0, 64.0, 71.0, 90.0, 65.0, 40.0, 33.0, 89.0], ['小楮', 90.0, 47.0, 70.0, 34.0, 88.0, 73.0, 69.0, 74.0, 60.0], ['小卫', 70.0, 67.0, 33.0, 96.0, 94.0, 69.0, 62.0, 72.0, 72.0], ['小蒋', 82.0, 43.0, 63.0, 70.0, 60.0, 67.0, 54.0, 69.0, 92.0], ['小沈', 94.0, 95.0, 72.0, 86.0, 78.0, 78.0, 43.0, 95.0, 96.0], ['小韩', 83.0, 70.0, 36.0, 74.0, 50.0, 56.0, 38.0, 93.0, 78.0], ['小杨', 86.0, 93.0, 87.0, 46.0, 75.0, 44.0, 45.0, 60.0, 81.0], ['小朱', 97.0, 91.0, 88.0, 86.0, 86.0, 54.0, 61.0, 56.0, 82.0], ['小秦', 47.0, 51.0, 64.0, 78.0, 89.0, 91.0, 37.0, 94.0, 61.0], ['小尤', 74.0, 67.0, 63.0, 53.0, 34.0, 89.0, 56.0, 66.0, 76.0], ['小许', 50.0, 72.0, 99.0, 31.0, 38.0, 92.0, 62.0, 92.0, 65.0], ['小何', 86.0, 40.0, 86.0, 57.0, 76.0, 92.0, 79.0, 95.0, 52.0], ['小吕', 51.0, 33.0, 81.0, 48.0, 95.0, 80.0, 51.0, 81.0, 99.0], ['小施', 88.0, 74.0, 38.0, 48.0, 78.0, 87.0, 96.0, 88.0, 90.0], ['小张', 43.0, 87.0, 44.0, 88.0, 95.0, 78.0, 91.0, 42.0, 94.0], ['小孔', 37.0, 86.0, 88.0, 83.0, 80.0, 90.0, 31.0, 78.0, 37.0], ['小曹', 63.0, 53.0, 55.0, 94.0, 45.0, 55.0, 73.0, 91.0, 78.0], ['小严', 36.0, 71.0, 77.0, 60.0, 91.0, 79.0, 90.0, 37.0, 61.0], ['小华', 53.0, 85.0, 85.0, 72.0, 62.0, 87.0, 94.0, 73.0, 34.0], ['小金', 78.0, 84.0, 77.0, 42.0, 79.0, 82.0, 50.0, 74.0, 94.0], ['小魏', 75.0, 57.0, 38.0, 85.0, 58.0, 60.0, 97.0, 99.0, 69.0]] \n",
      "\n",
      "\n"
     ]
    }
   ],
   "source": [
    "info3 = info2[:]\n",
    "info4 = []\n",
    "for j in info3[1 : ]:\n",
    "    info4.append(list(map(change, j)))\n",
    "print(\"info4: \", info4, '\\n'*2)"
   ]
  },
  {
   "cell_type": "markdown",
   "metadata": {},
   "source": [
    "# Calculate\n",
    "Now we have got the right things and we can calculate the sum and the ave. I appended them into each sublist so that it would be easy to do \"writelines\". \n",
    "\n",
    "Attention: remember that n[0] is a str, we need to start from n[1]!!!\n",
    "\n",
    "(In case something goes wrong, I copied info4 and use info5 to do the calculation.)"
   ]
  },
  {
   "cell_type": "code",
   "execution_count": 5,
   "metadata": {
    "ExecuteTime": {
     "end_time": "2020-01-30T01:34:18.686475Z",
     "start_time": "2020-01-30T01:34:18.679006Z"
    },
    "scrolled": false
   },
   "outputs": [
    {
     "name": "stdout",
     "output_type": "stream",
     "text": [
      "info5:  [['小赵', 73.0, 85.0, 80.0, 82.0, 93.0, 41.0, 64.0, 87.0, 55.0, 660.0, 73.3], ['小钱', 33.0, 91.0, 81.0, 92.0, 72.0, 50.0, 50.0, 65.0, 83.0, 617.0, 68.6], ['小孙', 95.0, 64.0, 87.0, 79.0, 34.0, 70.0, 45.0, 72.0, 87.0, 633.0, 70.3], ['小李', 87.0, 34.0, 81.0, 58.0, 73.0, 41.0, 46.0, 74.0, 97.0, 591.0, 65.7], ['小周', 54.0, 58.0, 66.0, 65.0, 42.0, 43.0, 70.0, 33.0, 89.0, 520.0, 57.8], ['小吴', 55.0, 83.0, 80.0, 94.0, 90.0, 86.0, 44.0, 33.0, 64.0, 629.0, 69.9], ['小郑', 84.0, 93.0, 59.0, 94.0, 86.0, 71.0, 69.0, 81.0, 71.0, 708.0, 78.7], ['小王', 75.0, 83.0, 31.0, 53.0, 72.0, 34.0, 33.0, 64.0, 80.0, 525.0, 58.3], ['小冯', 36.0, 74.0, 83.0, 69.0, 57.0, 78.0, 73.0, 59.0, 58.0, 587.0, 65.2], ['小陈', 98.0, 90.0, 64.0, 71.0, 90.0, 65.0, 40.0, 33.0, 89.0, 640.0, 71.1], ['小楮', 90.0, 47.0, 70.0, 34.0, 88.0, 73.0, 69.0, 74.0, 60.0, 605.0, 67.2], ['小卫', 70.0, 67.0, 33.0, 96.0, 94.0, 69.0, 62.0, 72.0, 72.0, 635.0, 70.6], ['小蒋', 82.0, 43.0, 63.0, 70.0, 60.0, 67.0, 54.0, 69.0, 92.0, 600.0, 66.7], ['小沈', 94.0, 95.0, 72.0, 86.0, 78.0, 78.0, 43.0, 95.0, 96.0, 737.0, 81.9], ['小韩', 83.0, 70.0, 36.0, 74.0, 50.0, 56.0, 38.0, 93.0, 78.0, 578.0, 64.2], ['小杨', 86.0, 93.0, 87.0, 46.0, 75.0, 44.0, 45.0, 60.0, 81.0, 617.0, 68.6], ['小朱', 97.0, 91.0, 88.0, 86.0, 86.0, 54.0, 61.0, 56.0, 82.0, 701.0, 77.9], ['小秦', 47.0, 51.0, 64.0, 78.0, 89.0, 91.0, 37.0, 94.0, 61.0, 612.0, 68.0], ['小尤', 74.0, 67.0, 63.0, 53.0, 34.0, 89.0, 56.0, 66.0, 76.0, 578.0, 64.2], ['小许', 50.0, 72.0, 99.0, 31.0, 38.0, 92.0, 62.0, 92.0, 65.0, 601.0, 66.8], ['小何', 86.0, 40.0, 86.0, 57.0, 76.0, 92.0, 79.0, 95.0, 52.0, 663.0, 73.7], ['小吕', 51.0, 33.0, 81.0, 48.0, 95.0, 80.0, 51.0, 81.0, 99.0, 619.0, 68.8], ['小施', 88.0, 74.0, 38.0, 48.0, 78.0, 87.0, 96.0, 88.0, 90.0, 687.0, 76.3], ['小张', 43.0, 87.0, 44.0, 88.0, 95.0, 78.0, 91.0, 42.0, 94.0, 662.0, 73.6], ['小孔', 37.0, 86.0, 88.0, 83.0, 80.0, 90.0, 31.0, 78.0, 37.0, 610.0, 67.8], ['小曹', 63.0, 53.0, 55.0, 94.0, 45.0, 55.0, 73.0, 91.0, 78.0, 607.0, 67.4], ['小严', 36.0, 71.0, 77.0, 60.0, 91.0, 79.0, 90.0, 37.0, 61.0, 602.0, 66.9], ['小华', 53.0, 85.0, 85.0, 72.0, 62.0, 87.0, 94.0, 73.0, 34.0, 645.0, 71.7], ['小金', 78.0, 84.0, 77.0, 42.0, 79.0, 82.0, 50.0, 74.0, 94.0, 660.0, 73.3], ['小魏', 75.0, 57.0, 38.0, 85.0, 58.0, 60.0, 97.0, 99.0, 69.0, 638.0, 70.9]] \n",
      "\n",
      "\n"
     ]
    }
   ],
   "source": [
    "info5 = info4[:]\n",
    "for n in info5:\n",
    "#     print(n[1])\n",
    "    n.append(sum(n[1:]))\n",
    "    n.append(float('%.1f'%((sum(n[1:]) - max(n[1:])) / (len(n[1:]) - 1))))\n",
    "#     print(n[1])\n",
    "print(\"info5: \", info5, '\\n'*2)"
   ]
  },
  {
   "cell_type": "markdown",
   "metadata": {},
   "source": [
    "# Sotring\n",
    "Now we need to sort the list. But how to sort a compound list according to the specific compont?(e.g. I want to sort the big list according to the average or summation, i.e. according to info6[i][-1] or info6[i][-2])\n",
    "\n",
    "See details in https://blog.csdn.net/Waleking/article/details/7713163"
   ]
  },
  {
   "cell_type": "code",
   "execution_count": 6,
   "metadata": {
    "ExecuteTime": {
     "end_time": "2020-01-30T01:34:20.329467Z",
     "start_time": "2020-01-30T01:34:20.324506Z"
    }
   },
   "outputs": [
    {
     "name": "stdout",
     "output_type": "stream",
     "text": [
      "\n",
      "\n",
      " info6:  [['小沈', 94.0, 95.0, 72.0, 86.0, 78.0, 78.0, 43.0, 95.0, 96.0, 737.0, 81.9], ['小郑', 84.0, 93.0, 59.0, 94.0, 86.0, 71.0, 69.0, 81.0, 71.0, 708.0, 78.7], ['小朱', 97.0, 91.0, 88.0, 86.0, 86.0, 54.0, 61.0, 56.0, 82.0, 701.0, 77.9], ['小施', 88.0, 74.0, 38.0, 48.0, 78.0, 87.0, 96.0, 88.0, 90.0, 687.0, 76.3], ['小何', 86.0, 40.0, 86.0, 57.0, 76.0, 92.0, 79.0, 95.0, 52.0, 663.0, 73.7], ['小张', 43.0, 87.0, 44.0, 88.0, 95.0, 78.0, 91.0, 42.0, 94.0, 662.0, 73.6], ['小赵', 73.0, 85.0, 80.0, 82.0, 93.0, 41.0, 64.0, 87.0, 55.0, 660.0, 73.3], ['小金', 78.0, 84.0, 77.0, 42.0, 79.0, 82.0, 50.0, 74.0, 94.0, 660.0, 73.3], ['小华', 53.0, 85.0, 85.0, 72.0, 62.0, 87.0, 94.0, 73.0, 34.0, 645.0, 71.7], ['小陈', 98.0, 90.0, 64.0, 71.0, 90.0, 65.0, 40.0, 33.0, 89.0, 640.0, 71.1], ['小魏', 75.0, 57.0, 38.0, 85.0, 58.0, 60.0, 97.0, 99.0, 69.0, 638.0, 70.9], ['小卫', 70.0, 67.0, 33.0, 96.0, 94.0, 69.0, 62.0, 72.0, 72.0, 635.0, 70.6], ['小孙', 95.0, 64.0, 87.0, 79.0, 34.0, 70.0, 45.0, 72.0, 87.0, 633.0, 70.3], ['小吴', 55.0, 83.0, 80.0, 94.0, 90.0, 86.0, 44.0, 33.0, 64.0, 629.0, 69.9], ['小吕', 51.0, 33.0, 81.0, 48.0, 95.0, 80.0, 51.0, 81.0, 99.0, 619.0, 68.8], ['小钱', 33.0, 91.0, 81.0, 92.0, 72.0, 50.0, 50.0, 65.0, 83.0, 617.0, 68.6], ['小杨', 86.0, 93.0, 87.0, 46.0, 75.0, 44.0, 45.0, 60.0, 81.0, 617.0, 68.6], ['小秦', 47.0, 51.0, 64.0, 78.0, 89.0, 91.0, 37.0, 94.0, 61.0, 612.0, 68.0], ['小孔', 37.0, 86.0, 88.0, 83.0, 80.0, 90.0, 31.0, 78.0, 37.0, 610.0, 67.8], ['小曹', 63.0, 53.0, 55.0, 94.0, 45.0, 55.0, 73.0, 91.0, 78.0, 607.0, 67.4], ['小楮', 90.0, 47.0, 70.0, 34.0, 88.0, 73.0, 69.0, 74.0, 60.0, 605.0, 67.2], ['小严', 36.0, 71.0, 77.0, 60.0, 91.0, 79.0, 90.0, 37.0, 61.0, 602.0, 66.9], ['小许', 50.0, 72.0, 99.0, 31.0, 38.0, 92.0, 62.0, 92.0, 65.0, 601.0, 66.8], ['小蒋', 82.0, 43.0, 63.0, 70.0, 60.0, 67.0, 54.0, 69.0, 92.0, 600.0, 66.7], ['小李', 87.0, 34.0, 81.0, 58.0, 73.0, 41.0, 46.0, 74.0, 97.0, 591.0, 65.7], ['小冯', 36.0, 74.0, 83.0, 69.0, 57.0, 78.0, 73.0, 59.0, 58.0, 587.0, 65.2], ['小韩', 83.0, 70.0, 36.0, 74.0, 50.0, 56.0, 38.0, 93.0, 78.0, 578.0, 64.2], ['小尤', 74.0, 67.0, 63.0, 53.0, 34.0, 89.0, 56.0, 66.0, 76.0, 578.0, 64.2], ['小王', 75.0, 83.0, 31.0, 53.0, 72.0, 34.0, 33.0, 64.0, 80.0, 525.0, 58.3], ['小周', 54.0, 58.0, 66.0, 65.0, 42.0, 43.0, 70.0, 33.0, 89.0, 520.0, 57.8]]\n"
     ]
    }
   ],
   "source": [
    "info6 = sorted(info5, key=lambda x:(x[-1]), reverse=True)\n",
    "print('\\n'*2, \"info6: \", info6)"
   ]
  },
  {
   "cell_type": "markdown",
   "metadata": {},
   "source": [
    "# Calculate each subject's ave.\n",
    "Notice that the first subject's ave equals (info6[0][1] + info6[1][1] + info6[2][1] + ...+ info6[m][1]) / 30. \n",
    "\n",
    "So it would be easy to use a nested loop."
   ]
  },
  {
   "cell_type": "code",
   "execution_count": 8,
   "metadata": {
    "ExecuteTime": {
     "end_time": "2020-01-30T01:34:28.695475Z",
     "start_time": "2020-01-30T01:34:28.690020Z"
    }
   },
   "outputs": [
    {
     "name": "stdout",
     "output_type": "stream",
     "text": [
      "\n",
      " total_ave:  [0, '平均', 69.1, 70.7, 68.5, 69.6, 72.0, 69.4, 60.4, 71.0, 74.8, 625.6, 69.5, '\\n']\n"
     ]
    }
   ],
   "source": [
    "sum1 = 0\n",
    "total_ave = []\n",
    "for k in range(1, 12):\n",
    "    for m in info6:\n",
    "        # info6[0][1] + info6[1][1] + info6[2][1] + ...+ info6[m][1]\n",
    "        sum1 += m[k]\n",
    "    total_ave.append(float('%.1f'%(sum1 / 30)))\n",
    "    sum1 = 0\n",
    "total_ave.insert(0, 0)\n",
    "total_ave.insert(1, '平均')\n",
    "total_ave.append('\\n')\n",
    "print('\\n', \"total_ave: \", total_ave)"
   ]
  },
  {
   "cell_type": "markdown",
   "metadata": {},
   "source": [
    "# Add rank"
   ]
  },
  {
   "cell_type": "code",
   "execution_count": 10,
   "metadata": {
    "ExecuteTime": {
     "end_time": "2020-01-30T01:34:31.874917Z",
     "start_time": "2020-01-30T01:34:31.870915Z"
    },
    "scrolled": true
   },
   "outputs": [
    {
     "name": "stdout",
     "output_type": "stream",
     "text": [
      "\n",
      "\n",
      " info6:  [[1, '小沈', 94.0, 95.0, 72.0, 86.0, 78.0, 78.0, 43.0, 95.0, 96.0, 737.0, 81.9], [2, '小郑', 84.0, 93.0, 59.0, 94.0, 86.0, 71.0, 69.0, 81.0, 71.0, 708.0, 78.7], [3, '小朱', 97.0, 91.0, 88.0, 86.0, 86.0, 54.0, 61.0, 56.0, 82.0, 701.0, 77.9], [4, '小施', 88.0, 74.0, 38.0, 48.0, 78.0, 87.0, 96.0, 88.0, 90.0, 687.0, 76.3], [5, '小何', 86.0, 40.0, 86.0, 57.0, 76.0, 92.0, 79.0, 95.0, 52.0, 663.0, 73.7], [6, '小张', 43.0, 87.0, 44.0, 88.0, 95.0, 78.0, 91.0, 42.0, 94.0, 662.0, 73.6], [7, '小赵', 73.0, 85.0, 80.0, 82.0, 93.0, 41.0, 64.0, 87.0, 55.0, 660.0, 73.3], [8, '小金', 78.0, 84.0, 77.0, 42.0, 79.0, 82.0, 50.0, 74.0, 94.0, 660.0, 73.3], [9, '小华', 53.0, 85.0, 85.0, 72.0, 62.0, 87.0, 94.0, 73.0, 34.0, 645.0, 71.7], [10, '小陈', 98.0, 90.0, 64.0, 71.0, 90.0, 65.0, 40.0, 33.0, 89.0, 640.0, 71.1], [11, '小魏', 75.0, 57.0, 38.0, 85.0, 58.0, 60.0, 97.0, 99.0, 69.0, 638.0, 70.9], [12, '小卫', 70.0, 67.0, 33.0, 96.0, 94.0, 69.0, 62.0, 72.0, 72.0, 635.0, 70.6], [13, '小孙', 95.0, 64.0, 87.0, 79.0, 34.0, 70.0, 45.0, 72.0, 87.0, 633.0, 70.3], [14, '小吴', 55.0, 83.0, 80.0, 94.0, 90.0, 86.0, 44.0, 33.0, 64.0, 629.0, 69.9], [15, '小吕', 51.0, 33.0, 81.0, 48.0, 95.0, 80.0, 51.0, 81.0, 99.0, 619.0, 68.8], [16, '小钱', 33.0, 91.0, 81.0, 92.0, 72.0, 50.0, 50.0, 65.0, 83.0, 617.0, 68.6], [17, '小杨', 86.0, 93.0, 87.0, 46.0, 75.0, 44.0, 45.0, 60.0, 81.0, 617.0, 68.6], [18, '小秦', 47.0, 51.0, 64.0, 78.0, 89.0, 91.0, 37.0, 94.0, 61.0, 612.0, 68.0], [19, '小孔', 37.0, 86.0, 88.0, 83.0, 80.0, 90.0, 31.0, 78.0, 37.0, 610.0, 67.8], [20, '小曹', 63.0, 53.0, 55.0, 94.0, 45.0, 55.0, 73.0, 91.0, 78.0, 607.0, 67.4], [21, '小楮', 90.0, 47.0, 70.0, 34.0, 88.0, 73.0, 69.0, 74.0, 60.0, 605.0, 67.2], [22, '小严', 36.0, 71.0, 77.0, 60.0, 91.0, 79.0, 90.0, 37.0, 61.0, 602.0, 66.9], [23, '小许', 50.0, 72.0, 99.0, 31.0, 38.0, 92.0, 62.0, 92.0, 65.0, 601.0, 66.8], [24, '小蒋', 82.0, 43.0, 63.0, 70.0, 60.0, 67.0, 54.0, 69.0, 92.0, 600.0, 66.7], [25, '小李', 87.0, 34.0, 81.0, 58.0, 73.0, 41.0, 46.0, 74.0, 97.0, 591.0, 65.7], [26, '小冯', 36.0, 74.0, 83.0, 69.0, 57.0, 78.0, 73.0, 59.0, 58.0, 587.0, 65.2], [27, '小韩', 83.0, 70.0, 36.0, 74.0, 50.0, 56.0, 38.0, 93.0, 78.0, 578.0, 64.2], [28, '小尤', 74.0, 67.0, 63.0, 53.0, 34.0, 89.0, 56.0, 66.0, 76.0, 578.0, 64.2], [29, '小王', 75.0, 83.0, 31.0, 53.0, 72.0, 34.0, 33.0, 64.0, 80.0, 525.0, 58.3], [30, '小周', 54.0, 58.0, 66.0, 65.0, 42.0, 43.0, 70.0, 33.0, 89.0, 520.0, 57.8]]\n"
     ]
    }
   ],
   "source": [
    "q = 1\n",
    "for k in info6:\n",
    "    k.insert(0, q)\n",
    "    q += 1\n",
    "print('\\n'*2, \"info6: \", info6)"
   ]
  },
  {
   "cell_type": "markdown",
   "metadata": {},
   "source": [
    "# Converse to string"
   ]
  },
  {
   "cell_type": "code",
   "execution_count": 9,
   "metadata": {
    "ExecuteTime": {
     "end_time": "2020-01-30T01:34:30.481987Z",
     "start_time": "2020-01-30T01:34:30.478517Z"
    }
   },
   "outputs": [
    {
     "name": "stdout",
     "output_type": "stream",
     "text": [
      "['0', '平均', '69.1', '70.7', '68.5', '69.6', '72.0', '69.4', '60.4', '71.0', '74.8', '625.6', '69.5', '\\n']\n"
     ]
    }
   ],
   "source": [
    "str_total_ave = list(map(str, total_ave))\n",
    "print(str_total_ave)"
   ]
  },
  {
   "cell_type": "code",
   "execution_count": 11,
   "metadata": {
    "ExecuteTime": {
     "end_time": "2020-01-30T01:34:33.294542Z",
     "start_time": "2020-01-30T01:34:33.289583Z"
    },
    "scrolled": true
   },
   "outputs": [
    {
     "name": "stdout",
     "output_type": "stream",
     "text": [
      "info7:  [['1', '小沈', '94.0', '95.0', '72.0', '86.0', '78.0', '78.0', '43.0', '95.0', '96.0', '737.0', '81.9'], ['2', '小郑', '84.0', '93.0', '59.0', '94.0', '86.0', '71.0', '69.0', '81.0', '71.0', '708.0', '78.7'], ['3', '小朱', '97.0', '91.0', '88.0', '86.0', '86.0', '54.0', '61.0', '56.0', '82.0', '701.0', '77.9'], ['4', '小施', '88.0', '74.0', '38.0', '48.0', '78.0', '87.0', '96.0', '88.0', '90.0', '687.0', '76.3'], ['5', '小何', '86.0', '40.0', '86.0', '57.0', '76.0', '92.0', '79.0', '95.0', '52.0', '663.0', '73.7'], ['6', '小张', '43.0', '87.0', '44.0', '88.0', '95.0', '78.0', '91.0', '42.0', '94.0', '662.0', '73.6'], ['7', '小赵', '73.0', '85.0', '80.0', '82.0', '93.0', '41.0', '64.0', '87.0', '55.0', '660.0', '73.3'], ['8', '小金', '78.0', '84.0', '77.0', '42.0', '79.0', '82.0', '50.0', '74.0', '94.0', '660.0', '73.3'], ['9', '小华', '53.0', '85.0', '85.0', '72.0', '62.0', '87.0', '94.0', '73.0', '34.0', '645.0', '71.7'], ['10', '小陈', '98.0', '90.0', '64.0', '71.0', '90.0', '65.0', '40.0', '33.0', '89.0', '640.0', '71.1'], ['11', '小魏', '75.0', '57.0', '38.0', '85.0', '58.0', '60.0', '97.0', '99.0', '69.0', '638.0', '70.9'], ['12', '小卫', '70.0', '67.0', '33.0', '96.0', '94.0', '69.0', '62.0', '72.0', '72.0', '635.0', '70.6'], ['13', '小孙', '95.0', '64.0', '87.0', '79.0', '34.0', '70.0', '45.0', '72.0', '87.0', '633.0', '70.3'], ['14', '小吴', '55.0', '83.0', '80.0', '94.0', '90.0', '86.0', '44.0', '33.0', '64.0', '629.0', '69.9'], ['15', '小吕', '51.0', '33.0', '81.0', '48.0', '95.0', '80.0', '51.0', '81.0', '99.0', '619.0', '68.8'], ['16', '小钱', '33.0', '91.0', '81.0', '92.0', '72.0', '50.0', '50.0', '65.0', '83.0', '617.0', '68.6'], ['17', '小杨', '86.0', '93.0', '87.0', '46.0', '75.0', '44.0', '45.0', '60.0', '81.0', '617.0', '68.6'], ['18', '小秦', '47.0', '51.0', '64.0', '78.0', '89.0', '91.0', '37.0', '94.0', '61.0', '612.0', '68.0'], ['19', '小孔', '37.0', '86.0', '88.0', '83.0', '80.0', '90.0', '31.0', '78.0', '37.0', '610.0', '67.8'], ['20', '小曹', '63.0', '53.0', '55.0', '94.0', '45.0', '55.0', '73.0', '91.0', '78.0', '607.0', '67.4'], ['21', '小楮', '90.0', '47.0', '70.0', '34.0', '88.0', '73.0', '69.0', '74.0', '60.0', '605.0', '67.2'], ['22', '小严', '36.0', '71.0', '77.0', '60.0', '91.0', '79.0', '90.0', '37.0', '61.0', '602.0', '66.9'], ['23', '小许', '50.0', '72.0', '99.0', '31.0', '38.0', '92.0', '62.0', '92.0', '65.0', '601.0', '66.8'], ['24', '小蒋', '82.0', '43.0', '63.0', '70.0', '60.0', '67.0', '54.0', '69.0', '92.0', '600.0', '66.7'], ['25', '小李', '87.0', '34.0', '81.0', '58.0', '73.0', '41.0', '46.0', '74.0', '97.0', '591.0', '65.7'], ['26', '小冯', '36.0', '74.0', '83.0', '69.0', '57.0', '78.0', '73.0', '59.0', '58.0', '587.0', '65.2'], ['27', '小韩', '83.0', '70.0', '36.0', '74.0', '50.0', '56.0', '38.0', '93.0', '78.0', '578.0', '64.2'], ['28', '小尤', '74.0', '67.0', '63.0', '53.0', '34.0', '89.0', '56.0', '66.0', '76.0', '578.0', '64.2'], ['29', '小王', '75.0', '83.0', '31.0', '53.0', '72.0', '34.0', '33.0', '64.0', '80.0', '525.0', '58.3'], ['30', '小周', '54.0', '58.0', '66.0', '65.0', '42.0', '43.0', '70.0', '33.0', '89.0', '520.0', '57.8']]\n"
     ]
    }
   ],
   "source": [
    "info7 = []\n",
    "for l in info6:\n",
    "    info7.append(list(map(str, l)))\n",
    "print(\"info7: \", info7)"
   ]
  },
  {
   "cell_type": "markdown",
   "metadata": {},
   "source": [
    "# Replace"
   ]
  },
  {
   "cell_type": "code",
   "execution_count": 35,
   "metadata": {
    "ExecuteTime": {
     "end_time": "2020-01-30T02:56:18.904035Z",
     "start_time": "2020-01-30T02:56:18.897588Z"
    }
   },
   "outputs": [
    {
     "name": "stdout",
     "output_type": "stream",
     "text": [
      "['1', '小沈', '94.0', '95.0', '72.0', '86.0', '78.0', '78.0', '不及格', '95.0', '96.0', '737.0', '81.9'] \n",
      "\n",
      "['2', '小郑', '84.0', '93.0', '不及格', '94.0', '86.0', '71.0', '69.0', '81.0', '71.0', '708.0', '78.7'] \n",
      "\n",
      "['3', '小朱', '97.0', '91.0', '88.0', '86.0', '86.0', '不及格', '61.0', '不及格', '82.0', '701.0', '77.9'] \n",
      "\n",
      "['4', '小施', '88.0', '74.0', '不及格', '不及格', '78.0', '87.0', '96.0', '88.0', '90.0', '687.0', '76.3'] \n",
      "\n",
      "['5', '小何', '86.0', '不及格', '86.0', '不及格', '76.0', '92.0', '79.0', '95.0', '不及格', '663.0', '73.7'] \n",
      "\n",
      "['6', '小张', '不及格', '87.0', '不及格', '88.0', '95.0', '78.0', '91.0', '不及格', '94.0', '662.0', '73.6'] \n",
      "\n",
      "['7', '小赵', '73.0', '85.0', '80.0', '82.0', '93.0', '不及格', '64.0', '87.0', '不及格', '660.0', '73.3'] \n",
      "\n",
      "['8', '小金', '78.0', '84.0', '77.0', '不及格', '79.0', '82.0', '不及格', '74.0', '94.0', '660.0', '73.3'] \n",
      "\n",
      "['9', '小华', '不及格', '85.0', '85.0', '72.0', '62.0', '87.0', '94.0', '73.0', '不及格', '645.0', '71.7'] \n",
      "\n",
      "['10', '小陈', '98.0', '90.0', '64.0', '71.0', '90.0', '65.0', '不及格', '不及格', '89.0', '640.0', '71.1'] \n",
      "\n",
      "['11', '小魏', '75.0', '不及格', '不及格', '85.0', '不及格', '60.0', '97.0', '99.0', '69.0', '638.0', '70.9'] \n",
      "\n",
      "['12', '小卫', '70.0', '67.0', '不及格', '96.0', '94.0', '69.0', '62.0', '72.0', '72.0', '635.0', '70.6'] \n",
      "\n",
      "['13', '小孙', '95.0', '64.0', '87.0', '79.0', '不及格', '70.0', '不及格', '72.0', '87.0', '633.0', '70.3'] \n",
      "\n",
      "['14', '小吴', '不及格', '83.0', '80.0', '94.0', '90.0', '86.0', '不及格', '不及格', '64.0', '629.0', '69.9'] \n",
      "\n",
      "['15', '小吕', '不及格', '不及格', '81.0', '不及格', '95.0', '80.0', '不及格', '81.0', '99.0', '619.0', '68.8'] \n",
      "\n",
      "['16', '小钱', '不及格', '91.0', '81.0', '92.0', '72.0', '不及格', '不及格', '65.0', '83.0', '617.0', '68.6'] \n",
      "\n",
      "['17', '小杨', '86.0', '93.0', '87.0', '不及格', '75.0', '不及格', '不及格', '60.0', '81.0', '617.0', '68.6'] \n",
      "\n",
      "['18', '小秦', '不及格', '不及格', '64.0', '78.0', '89.0', '91.0', '不及格', '94.0', '61.0', '612.0', '68.0'] \n",
      "\n",
      "['19', '小孔', '不及格', '86.0', '88.0', '83.0', '80.0', '90.0', '不及格', '78.0', '不及格', '610.0', '67.8'] \n",
      "\n",
      "['20', '小曹', '63.0', '不及格', '不及格', '94.0', '不及格', '不及格', '73.0', '91.0', '78.0', '607.0', '67.4'] \n",
      "\n",
      "['21', '小楮', '90.0', '不及格', '70.0', '不及格', '88.0', '73.0', '69.0', '74.0', '60.0', '605.0', '67.2'] \n",
      "\n",
      "['22', '小严', '不及格', '71.0', '77.0', '60.0', '91.0', '79.0', '90.0', '不及格', '61.0', '602.0', '66.9'] \n",
      "\n",
      "['23', '小许', '不及格', '72.0', '99.0', '不及格', '不及格', '92.0', '62.0', '92.0', '65.0', '601.0', '66.8'] \n",
      "\n",
      "['24', '小蒋', '82.0', '不及格', '63.0', '70.0', '60.0', '67.0', '不及格', '69.0', '92.0', '600.0', '66.7'] \n",
      "\n",
      "['25', '小李', '87.0', '不及格', '81.0', '不及格', '73.0', '不及格', '不及格', '74.0', '97.0', '591.0', '65.7'] \n",
      "\n",
      "['26', '小冯', '不及格', '74.0', '83.0', '69.0', '不及格', '78.0', '73.0', '不及格', '不及格', '587.0', '65.2'] \n",
      "\n",
      "['27', '小韩', '83.0', '70.0', '不及格', '74.0', '不及格', '不及格', '不及格', '93.0', '78.0', '578.0', '64.2'] \n",
      "\n",
      "['28', '小尤', '74.0', '67.0', '63.0', '不及格', '不及格', '89.0', '不及格', '66.0', '76.0', '578.0', '64.2'] \n",
      "\n",
      "['29', '小王', '75.0', '83.0', '不及格', '不及格', '72.0', '不及格', '不及格', '64.0', '80.0', '525.0', '不及格'] \n",
      "\n",
      "['30', '小周', '不及格', '不及格', '66.0', '65.0', '不及格', '不及格', '70.0', '不及格', '89.0', '520.0', '不及格'] \n",
      "\n",
      "info8:  [['1', '小沈', '94.0', '95.0', '72.0', '86.0', '78.0', '78.0', '不及格', '95.0', '96.0', '737.0', '81.9'], ['2', '小郑', '84.0', '93.0', '不及格', '94.0', '86.0', '71.0', '69.0', '81.0', '71.0', '708.0', '78.7'], ['3', '小朱', '97.0', '91.0', '88.0', '86.0', '86.0', '不及格', '61.0', '不及格', '82.0', '701.0', '77.9'], ['4', '小施', '88.0', '74.0', '不及格', '不及格', '78.0', '87.0', '96.0', '88.0', '90.0', '687.0', '76.3'], ['5', '小何', '86.0', '不及格', '86.0', '不及格', '76.0', '92.0', '79.0', '95.0', '不及格', '663.0', '73.7'], ['6', '小张', '不及格', '87.0', '不及格', '88.0', '95.0', '78.0', '91.0', '不及格', '94.0', '662.0', '73.6'], ['7', '小赵', '73.0', '85.0', '80.0', '82.0', '93.0', '不及格', '64.0', '87.0', '不及格', '660.0', '73.3'], ['8', '小金', '78.0', '84.0', '77.0', '不及格', '79.0', '82.0', '不及格', '74.0', '94.0', '660.0', '73.3'], ['9', '小华', '不及格', '85.0', '85.0', '72.0', '62.0', '87.0', '94.0', '73.0', '不及格', '645.0', '71.7'], ['10', '小陈', '98.0', '90.0', '64.0', '71.0', '90.0', '65.0', '不及格', '不及格', '89.0', '640.0', '71.1'], ['11', '小魏', '75.0', '不及格', '不及格', '85.0', '不及格', '60.0', '97.0', '99.0', '69.0', '638.0', '70.9'], ['12', '小卫', '70.0', '67.0', '不及格', '96.0', '94.0', '69.0', '62.0', '72.0', '72.0', '635.0', '70.6'], ['13', '小孙', '95.0', '64.0', '87.0', '79.0', '不及格', '70.0', '不及格', '72.0', '87.0', '633.0', '70.3'], ['14', '小吴', '不及格', '83.0', '80.0', '94.0', '90.0', '86.0', '不及格', '不及格', '64.0', '629.0', '69.9'], ['15', '小吕', '不及格', '不及格', '81.0', '不及格', '95.0', '80.0', '不及格', '81.0', '99.0', '619.0', '68.8'], ['16', '小钱', '不及格', '91.0', '81.0', '92.0', '72.0', '不及格', '不及格', '65.0', '83.0', '617.0', '68.6'], ['17', '小杨', '86.0', '93.0', '87.0', '不及格', '75.0', '不及格', '不及格', '60.0', '81.0', '617.0', '68.6'], ['18', '小秦', '不及格', '不及格', '64.0', '78.0', '89.0', '91.0', '不及格', '94.0', '61.0', '612.0', '68.0'], ['19', '小孔', '不及格', '86.0', '88.0', '83.0', '80.0', '90.0', '不及格', '78.0', '不及格', '610.0', '67.8'], ['20', '小曹', '63.0', '不及格', '不及格', '94.0', '不及格', '不及格', '73.0', '91.0', '78.0', '607.0', '67.4'], ['21', '小楮', '90.0', '不及格', '70.0', '不及格', '88.0', '73.0', '69.0', '74.0', '60.0', '605.0', '67.2'], ['22', '小严', '不及格', '71.0', '77.0', '60.0', '91.0', '79.0', '90.0', '不及格', '61.0', '602.0', '66.9'], ['23', '小许', '不及格', '72.0', '99.0', '不及格', '不及格', '92.0', '62.0', '92.0', '65.0', '601.0', '66.8'], ['24', '小蒋', '82.0', '不及格', '63.0', '70.0', '60.0', '67.0', '不及格', '69.0', '92.0', '600.0', '66.7'], ['25', '小李', '87.0', '不及格', '81.0', '不及格', '73.0', '不及格', '不及格', '74.0', '97.0', '591.0', '65.7'], ['26', '小冯', '不及格', '74.0', '83.0', '69.0', '不及格', '78.0', '73.0', '不及格', '不及格', '587.0', '65.2'], ['27', '小韩', '83.0', '70.0', '不及格', '74.0', '不及格', '不及格', '不及格', '93.0', '78.0', '578.0', '64.2'], ['28', '小尤', '74.0', '67.0', '63.0', '不及格', '不及格', '89.0', '不及格', '66.0', '76.0', '578.0', '64.2'], ['29', '小王', '75.0', '83.0', '不及格', '不及格', '72.0', '不及格', '不及格', '64.0', '80.0', '525.0', '不及格'], ['30', '小周', '不及格', '不及格', '66.0', '65.0', '不及格', '不及格', '70.0', '不及格', '89.0', '520.0', '不及格']]\n"
     ]
    }
   ],
   "source": [
    "info8 = []\n",
    "for w in info7:\n",
    "    g = ['不及格' if float(x) < 60 else x for x in w[2:]]\n",
    "    g.insert(0, w[1])\n",
    "    g.insert(0, w[0])\n",
    "    print(g, '\\n')\n",
    "    info8.append(g)\n",
    "print(\"info8: \", info8)"
   ]
  },
  {
   "cell_type": "markdown",
   "metadata": {},
   "source": [
    "# Write a new text"
   ]
  },
  {
   "cell_type": "code",
   "execution_count": 36,
   "metadata": {
    "ExecuteTime": {
     "end_time": "2020-01-30T02:56:28.669007Z",
     "start_time": "2020-01-30T02:56:28.663545Z"
    }
   },
   "outputs": [],
   "source": [
    "with open(\"result.txt\", 'w') as f:\n",
    "    f.writelines('名次\\t姓名\\t语文\\t数学\\t英语\\t物理\\t化学\\t生物\\t政治\\t历史\\t地理\\t总分\\t平均分\\n')\n",
    "    f.writelines('\\t'.join(str_total_ave))\n",
    "    for p in info8:\n",
    "        f.writelines('\\t'.join(p) + '\\n')"
   ]
  }
 ],
 "metadata": {
  "kernelspec": {
   "display_name": "Python 3",
   "language": "python",
   "name": "python3"
  },
  "language_info": {
   "codemirror_mode": {
    "name": "ipython",
    "version": 3
   },
   "file_extension": ".py",
   "mimetype": "text/x-python",
   "name": "python",
   "nbconvert_exporter": "python",
   "pygments_lexer": "ipython3",
   "version": "3.7.3"
  },
  "toc": {
   "base_numbering": 1,
   "nav_menu": {},
   "number_sections": true,
   "sideBar": true,
   "skip_h1_title": false,
   "title_cell": "Table of Contents",
   "title_sidebar": "Contents",
   "toc_cell": false,
   "toc_position": {},
   "toc_section_display": true,
   "toc_window_display": false
  }
 },
 "nbformat": 4,
 "nbformat_minor": 2
}
